26,68
26,67
26,66
26,65
26,64
26,8
26,7
26,6
26,5
26,4
26,2
26,1
26,0
25,4
25,3
25,2
25,1
25,0
24,8
24,7
24,6
24,5
24,4
24,3
24,2
24,1
24,0
23,5
23,4
23,3
23,2
23,1
23,0
22,4
22,3
22,2
22,1
22,0
21,5
21,4
21,3
21,2
21,1
21,0
20,5
20,4
20,3
20,2
20,1
20,0
19,5
19,4
19,3
19,2
19,1
19,0
18,5
18,4
18,3
18,2
18,1
18,0
17,6
17,5
17,4
17,3
17,2
17,1
17,0
4,3
4,2
4,1
4,0
3,6
3,5
3,4
3,3
3,2
3,1
3,0
2,6
2,5
2,4
2,3
2,2
2,1
2,0
1,3
1,2
1,1
1,0
0,446
0,442
0,438
0,435
0,429
0,427
0,408
0,381
0,376
0,367
0,353
0,327
0,322
0,318
26,99
26,3
0,313
0,243
0,1
0,0
0,9
0,310
0,305
0,308
0,304
0,303
0,302
0,307
0,12
0,10
0,8
0,382
0,300
0,447
0,299
0,371
0,298
0,324
0,297
0,339
0,296
0,445
0,295
0,356
0,294
0,360
0,293
0,417
0,292
0,416
0,291
0,423
0,290
0,392
0,289
0,362
0,288
0,391
0,287
0,444
0,286
0,375
0,285
0,422
0,284
0,441
0,283
0,323
0,282
0,403
0,281
0,363
0,280
0,393
0,279
0,309
0,278
0,337
0,277
0,399
0,276
0,370
26,69
26,70
26,72
26,73
26,75
26,76
26,78
26,80
26,81
26,83
26,84
26,86
26,88
26,89
26,91
26,92
26,94
26,95
26,97
26,100
26,101
26,103
26,104
26,106
26,108
26,109
26,111
26,112
26,114
26,115
26,117
27,0
27,1
27,3
27,4
27,6
27,8
27,9
27,11
27,12
27,14
28,0
28,2
28,4
28,5
28,7
28,8
28,10
28,12
28,13
28,14
28,11
28,9
28,6
28,3
28,1
27,13
27,10
27,7
27,5
27,2
26,118
26,116
26,113
26,110
26,107
26,105
26,102
26,98
26,96
26,93
26,90
26,87
26,85
26,82
26,79
26,77
26,74
26,71
0,275
0,411
0,274
0,386
0,273
0,333
0,272
0,440
0,271
0,402
0,270
0,401
0,269
0,352
0,268
0,335
0,267
0,361
0,266
0,443
0,265
0,331
0,264
0,395
0,263
0,426
0,262
0,437
0,261
0,424
0,260
0,433
0,259
0,372
0,258
0,389
0,257
0,419
0,256
0,432
0,255
0,321
0,254
0,383
0,253
0,369
0,252
0,325
0,251
0,351
0,250
0,329
0,249
0,248
0,439
0,247
0,349
0,246
0,312
0,245
0,348
0,244
0,431
0,242
0,346
0,241
0,344
0,240
0,311
0,239
0,418
0,238
0,345
0,237
0,412
0,236
0,343
0,235
0,420
0,234
0,387
0,233
0,434
0,232
0,364
0,231
0,334
0,230
0,390
0,229
0,400
0,228
0,338
0,227
0,319
0,226
0,225
0,330
0,224
0,414
0,223
0,355
0,222
0,336
0,221
0,332
0,220
0,301
0,219
0,385
0,218
0,359
0,217
0,380
0,216
0,436
0,215
0,328
0,214
0,378
0,213
0,388
0,212
0,366
0,211
0,317
0,210
0,326
0,209
0,409
0,208
0,316
0,207
0,415
0,206
0,365
0,205
0,340
0,204
0,404
0,203
0,306
0,202
0,384
0,201
0,320
0,200
0,354
0,199
0,379
0,198
0,410
0,197
0,368
0,196
0,428
0,195
0,407
0,194
0,398
0,193
0,430
0,192
0,425
0,63
0,62
0,406
0,61
0,377
0,60
0,315
0,59
0,421
0,58
0,413
0,57
0,394
0,56
0,373
0,55
0,405
0,54
0,350
0,53
0,357
0,52
0,397
0,51
0,347
0,50
0,342
0,49
0,341
0,48
0,358
0,47
0,396
0,46
0,374
0,45
0,314
0,6
0,5
0,11
0,4
0,2
0,3
0,7
